100 50
333209
362931
724795
740729
241770
366668
64025
79230
185795
393144
574216
972208
144399
258384
647471
19078
697320
591260
54288
77772
836937
129622
208882
308955
266691
691773
262434
334793
363600
342915
743897
605239
450314
184067
223245
169800
800245
949182
198494
137092
58091
212017
37011
30735
768751
636095
960623
107325
407947
219534
560307
456650
970742
890186
927863
965745
960715
950985
214909
449971
562443
323933
847531
471419
720807
980776
470472
468718
531581
152488
359956
582719
231469
408234
962358
181441
117966
428245
154470
444084
540635
630035
857078
992620
167154
544935
744412
432015
828888
139657
589579
171602
195525
631776
197549
153982
974630
317899
686883
426148
