100
86394
292026
334152
253113
9996
83538
318801
328440
309519
272391
17493
215985
104958
82467
193137
319515
136017
131376
218127
313089
287028
290955
122094
42126
22848
320229
23205
154224
189210
102459
42126
311661
54621
356643
197778
17850
27846
345933
85680
312375
220983
332724
252399
215271
318444
250614
59976
303807
340935
41412
245973
292740
136374
354501
235620
278817
302736
354501
199206
215271
198135
42840
135303
83895
22134
116025
204561
308805
145299
145299
42840
243831
151725
244545
17136
319515
29274
122451
166005
96033
163149
198492
262752
86751
243117
312375
177786
59619
94962
12852
207060
1785
108171
163506
3570
66402
99960
68901
259896
313803
