300
3365337
4360823
2221271
6856967
148580
1500658
6975831
6076922
490314
4078521
3142467
4791705
6485517
2087549
408595
7198701
742900
742900
416024
3892796
3298476
2132123
3952228
6634097
2295561
7012976
148580
5267161
7324994
4657983
2808162
6180928
698326
7243275
6745532
3952228
1782960
7243275
4531690
2288132
3164754
1314933
7258133
6076922
497743
3135038
4004231
2815591
1545232
423453
5683185
980628
2637295
6307221
943483
2102407
5972916
2875023
2726443
3848222
6990689
6433514
4390539
6463230
1805247
2392138
1493229
3692213
1567519
2719014
2615008
3684784
1604664
7012976
1158924
1686383
1040060
3476772
2793304
7429
5192871
4501974
1248072
289731
5341451
950912
5348880
416024
3476772
2065262
5252303
5794620
5683185
3343050
5014575
430882
7094695
4494545
3001316
5512318
4947714
2778446
1485800
965770
3075606
6470659
200583
579462
1656667
2719014
4598551
2525860
4516832
4925427
4851137
1129208
2377280
430882
4033947
6931257
6842109
5653469
29716
5824336
5133439
2637295
2622437
2511002
7369568
668610
6106638
824619
980628
4293962
5148297
1448655
5244874
4182527
5378596
3736787
4910569
6574665
3328192
1730957
3469343
6700958
3268760
349163
3573349
6433514
4375681
1723528
2971600
490314
5163155
898909
609178
3120180
7161556
2176697
2927026
6931257
118864
6953544
1151495
1114350
5274590
6619239
6336937
2028117
2139552
6916399
3617923
3781361
7421571
2793304
208012
2406996
4360823
683468
6047206
2473857
2771017
846906
2875023
3053319
6693529
2600150
1961256
3759074
2035546
4197385
3766503
5022004
3803648
2837878
1916682
2094978
2518431
2756159
6797535
3625352
4970001
4464829
5088865
1196069
4955143
44574
1240643
4650554
1552661
5750046
3751645
6232931
2652153
586891
3699642
5675756
3105322
3105322
3989373
6515233
7064979
1775531
6032348
646323
185725
6559807
2132123
7376997
995486
6894112
6886683
520030
5868910
3840793
4940285
2600150
4947714
2295561
505172
4227101
913767
4041376
430882
542317
4791705
3907654
3699642
3194470
3655068
5779762
1478371
260015
5883768
3313334
1352078
14858
4390539
7168985
3038461
89148
4643125
5482602
5675756
81719
3001316
3335621
973199
817190
37145
6106638
4657983
2198984
3127609
6240360
2458999
5906055
1872108
4977430
6804964
7369568
1040060
4761989
2243558
393737
6842109
1990972
4383110
2763588
7369568
2525860
1344649
3922512
4873424
5735188
1522945
3892796
208012
6901541
