99
497 572
14 48
886 906
415 533
969 1248
771 912
457 654
235 436
114 181
433 527
170 377
215 511
349 356
659 876
940 1187
37 313
502 754
429 662
981 1162
997 1265
93 297
160 188
605 726
428 687
848 1030
425 469
624 626
284 491
996 1099
145 270
650 736
282 323
549 583
956 999
917 1168
761 1017
987 1175
416 581
349 522
367 389
763 948
511 611
121 221
140 317
550 794
532 684
462 571
473 592
309 542
738 914
861 1003
445 607
589 810
616 652
865 940
782 917
497 586
481 579
995 1140
702 902
81 91
630 890
533 580
426 529
768 1004
181 440
781 908
283 390
64 84
1 113
732 961
622 680
26 304
493 578
396 588
860 1090
779 829
781 957
708 851
411 620
988 1191
410 583
363 572
691 762
894 975
142 292
356 365
209 297
55 68
915 1133
669 737
917 1135
743 917
319 430
183 424
124 261
540 794
68 361
499 667
