80
652 679
368 465
745 1020
117 193
907 1198
203 499
386 636
378 496
857 953
63 194
466 475
941 1005
394 549
328 503
205 413
582 832
419 705
662 839
552 638
961 1199
541 628
773 836
917 960
507 617
634 776
691 714
634 748
375 630
55 159
70 279
947 1183
848 1080
812 889
884 1181
247 539
933 1110
404 548
26 90
648 729
622 766
953 1124
12 130
518 788
464 652
563 593
634 652
722 805
532 667
123 228
935 1187
392 518
2 224
778 783
644 863
881 1080
933 943
113 375
94 386
930 1057
671 744
712 873
809 1031
274 405
278 545
289 369
922 958
400 508
645 714
817 1049
709 759
176 222
640 927
787 994
265 427
868 887
574 845
167 212
341 440
870 1008
479 575
